                                
                                
                                
             1111               
            1   1               
                1               
            1  1                
                                
                                
                                
             11111              
            1    1              
                 1              
            1   1               
              1                 
                                
                                
                                
             111111             
            1     1             
                  1             
            1    1              
              11                
                                
                                
                                
                                