                                                              
                                                              
                                                              
                                                              
                                                              
                                                              
                                                              
                                                              
                                                              
                                                              
                                                              
                                                              
                                                              
                                                              
                                                              
                                                              
                                   111                        
                                  11                          
                                   1                          
                                                              
                                                              
                                                              
                                                              
                                                              
                                                              
                                                              
                                                              
                                                              
                                                              