                                                 
                                                 
                                                 
                                                 
                                                 
                                                 
                                                 
                                                 
                                                 
                                                 
                                                 
                                                 
                                                 
                               111               
                               11                
                             1 1 1               
                                11               
                                                 
                                                 
                                                 
                                                 
                                                 
                                                 
                                                 
                                                 