                                                    
                                                    
                                                    
                                                    
                                                    
                                                    
                                                    
                                                    
                                                    
                                                    
                                                    
                                                    
                                                    
                                                    
                                                    
                                                    
                                                    
                                            1 1111  
                                                    
                                            1       
                                          1   1     
                                            1       
                                       11   1  1    
                                            1       
                                          1   1     
                                            1       
                                                    
                                            1 1111  
                                                    
                                                    
                                                    
                                                    
                                                    
                                                    