                                                                                                                            
                                                                                                                            
                                                                                                                            
                                                                                                                            
                                                                                                                            
                                                                                                                            
                                                                                                                            
                                                                                                                            
                                                                                                                            
                                                                                                                            
                                                                                                                            
                                                                                                                            
                                                                                                                            
                                                                                                                            
                                                                                                                            
                                                                                                                            
                                                                                                                            
                                                                                                                            
                                                                                                                            
                                                                                                                            
                                                                                                                            
                                                                                                                            
                                                                                                                            
                                                                                                                            
                                                                                                                            
                                                                                                                            
                                                                                                                            
                                                                                                                            
                                                                                     1     1                                
                                                                                    111   111                               
                                                                 11                 1 11 11 1                 11            
                                                                1111                 111 111                 1111           
                                                               11 11                 111 111                 11 11          
                                                                11      1                               1      11           
                                                                       11             1   1             11                  
                                                                     11    11       111   111       11    11                
                                                                     111   111          1          111   111                
                                                                     11    111      111111111      111    11                
                                                                       11   1 11   1         1   11 1   11                  
                                                                11      1    1     11111111111     1    1      11           
                                                               11 11         1   1             1   1         11 11          
                                                                1111          1   1111111111111   1          1111           
                                                                 11            11               11            11            
                                                                                  1111111111111                             
                                                                                   1         1                              
                                                                                    111111111                               
                                                                                        1                                   
                                                                                     111 111                                
                                                                                      1   1                                 
                                                                                     1 1 1 1                                
                                                                                     1 1 1 1                                
                                                                                    1       1                               
                                                                                    1       1                               
                                                                                    1  1 1  1                               
                                                                                    111   111                               
                                                                                                                            
                                                                                                                            
                                                                                                                            
                                                                                                                            
                                                                                                                            