                               
                               
                               
                               
          1111 1111            
        111  1 1  111          
       1      1      1         
      1               1        
       1             1         
        1           1          
         1         1           
          1       1            
           1     1             
            1   1              
             1 1               
              1                
                               