                                       
                          1            
                        1 1            
              11      11            11 
             1   1    11            11 
  11        1     1   11               
  11        1   1 11    1 1            
            1     1       1            
             1   1                     
              11                       
                                       
                                       
                                       
                                       
                                       
                                       
                                       
           3333              1111      
          7   4             1   1      
              5                 1      
          8  6              1  1       
                                       
                                       
                                       
                                       
                                       
                                       
                                       
                                       
                                       
                                       
                                       
                                       