1                   1        11
 1                  1         1
  1                           1
   1                1         1
    1
     1              1
      1             1
       1
        1
         1
          1
           1
            11111111
                    1
                     1
                      1
                       1
           1            1
           1             1
                          1
1          1               1
1                           1
1          1                 1
11         1                  1